3373
6838
8811
12950
1692
6797
10320
8649
10060
20625
41328
22334
6328
11745
4592
16337
29340
42160
37590
49720
8579
9096
32825
88790
79431
57960
69409
105568
31416
29852
10640
29916
114848
86602
63180
53840
79745
110553
61292
6120
159988
30503
36720
162680
21726
121264
80946
22660
63840
93993
28130
194995
194580
174399
49042
135135
98432
51350
187176
167902
94860
11316
24990
151372
92053
138454
99900
245936
75816
106413
99600
173097
72078
122591
160272
214200
97094
223851
10648
242436
216180
148239
290720
216690
258312
315875
303936
128040
278320
27126
223400
247303
287144
145005
208926
200518
33588
375614
371580
62271
298368
216847
349866
333270
227012
231426
87084
175168
338760
338074
204838
403496
208625
432936
366903
124800
413316
454870
301169
310992
368277
309004
464805
301784
429632
203826
407548
407260
305265
62480
145431
200390
239732
191247
393384
253050
